../../../.git/annex/objects/wq/WV/MD5E-s227--b399c8e716eac81544399adc4909fc2e.csv/MD5E-s227--b399c8e716eac81544399adc4909fc2e.csv