../../../../../../.git/annex/objects/mJ/v4/MD5E-s227--d1ada99b937af7101c35fbc56692de72.csv/MD5E-s227--d1ada99b937af7101c35fbc56692de72.csv